1000
1 776871948 1
2 53 82
1 441598129 112
2 136 166
1 599424253 258
2 150 340
1 486551780 438
2 251 534
1 824409516 546
2 600 613
1 91872338 690
2 372 751
1 337600154 762
2 448 814
1 299046582 858
2 172 922
1 208851346 983
2 443 1011
1 298807226 1070
2 435 1149
1 717630185 1238
2 142 1261
1 339123679 1274
2 781 1292
1 977200838 1391
2 490 1468
1 819431438 1518
2 246 1556
1 33748478 1645
2 452 1706
1 796795205 1748
2 737 1778
1 667110785 1784
2 1512 1830
1 644190686 1838
2 507 1930
1 931102167 1978
2 1633 2001
1 398137880 2088
2 198 2157
1 812711300 2216
2 1889 2239
1 729911890 2300
2 484 2380
1 586743122 2416
2 1920 2446
1 932376910 2536
2 1692 2611
1 437914251 2704
2 526 2713
1 189400175 2785
2 2500 2815
1 525344060 2898
2 1492 2906
1 287646202 2988
2 1180 3061
1 227545716 3095
2 1898 3114
1 589302616 3200
2 2809 3239
1 841872514 3241
2 462 3272
1 969339730 3328
2 1407 3426
1 49575737 3471
2 986 3563
1 978205267 3602
2 2516 3694
1 280655919 3759
2 316 3790
1 738268504 3871
2 3551 3964
1 94751853 4057
2 2760 4094
1 15227686 4179
2 4134 4196
1 521405039 4289
2 1072 4318
1 437911059 4328
2 1397 4385
1 918593815 4392
2 3164 4474
1 486926259 4571
2 2599 4579
1 945324270 4653
2 427 4752
1 984759500 4839
2 3284 4891
1 540221541 4919
2 2671 4931
1 986938342 4940
2 4496 4976
1 464296876 5013
2 3479 5065
1 840669468 5070
2 15 5128
1 389748724 5161
2 4629 5164
1 129753789 5165
2 2397 5265
1 509872732 5327
2 4117 5354
1 830168776 5397
2 2551 5484
1 158902999 5514
2 4465 5591
1 582156593 5668
2 3253 5697
1 146101861 5783
2 5241 5872
1 397035034 5876
2 1687 5956
1 557700445 6051
2 1441 6122
1 464320538 6158
2 3000 6208
1 988299686 6230
2 184 6309
1 690572409 6326
2 4938 6347
1 868129017 6385
2 5322 6431
1 743921009 6469
2 1924 6494
1 11547424 6549
2 6586 6613
1 578934382 6666
2 871 6749
1 876340282 6847
2 4608 6938
1 970274894 6977
2 6258 7031
1 584185076 7119
2 6966 7133
1 328572322 7168
2 2367 7189
1 528071376 7197
2 2567 7210
1 137634539 7266
2 392 7344
1 325737108 7368
2 6966 7398
1 791973689 7464
2 2697 7475
1 698384217 7549
2 5824 7593
1 698504982 7680
2 2706 7702
1 605512809 7740
2 1960 7806
1 749475307 7902
2 4827 7975
1 231538752 7984
2 7966 8044
1 492022304 8074
2 6232 8170
1 181795587 8179
2 2975 8251
1 677274729 8273
2 4713 8371
1 757215171 8383
2 2862 8444
1 277472001 8474
2 1376 8485
1 885916601 8493
2 451 8561
1 428750065 8630
2 8375 8693
1 299445129 8719
2 7307 8780
1 990312264 8823
2 572 8912
1 599868545 9002
2 5176 9047
1 872611425 9121
2 6946 9197
1 100733400 9237
2 7574 9306
1 644906786 9326
2 1058 9407
1 603016177 9464
2 5924 9470
1 729231929 9517
2 8834 9615
1 496967575 9655
2 1060 9698
1 903286623 9778
2 9209 9846
1 323188033 9918
2 7389 9952
1 423098006 9991
2 6623 10085
1 15964237 10145
2 8119 10155
1 107061613 10209
2 1288 10244
1 179428422 10333
2 142 10354
1 433815608 10427
2 1190 10438
1 761493535 10504
2 2829 10523
1 53990234 10614
2 8014 10629
1 132683638 10641
2 9144 10718
1 769358460 10801
2 4518 10804
1 501625812 10850
2 7509 10917
1 208045525 10948
2 4522 11026
1 83123178 11072
2 5468 11142
1 657344354 11210
2 162 11252
1 334402259 11253
2 1754 11323
1 813325868 11382
2 4873 11393
1 66693462 11431
2 6961 11483
1 349578119 11540
2 3458 11620
1 275931427 11687
2 9026 11779
1 919030350 11878
2 4157 11956
1 905797651 12034
2 5401 12053
1 389258282 12151
2 5207 12161
1 307589993 12210
2 11689 12260
1 57400010 12292
2 6200 12358
1 525144688 12384
2 5966 12417
1 353060496 12508
2 5384 12581
1 631495176 12595
2 2381 12670
1 581142989 12729
2 788 12825
1 48621880 12849
2 8403 12907
1 882510537 12945
2 6915 13042
1 286250962 13136
2 2001 13137
1 869032731 13172
2 963 13194
1 847335698 13272
2 1852 13338
1 982816544 13397
2 7973 13464
1 321894936 13534
2 10763 13594
1 316961225 13606
2 5954 13691
1 134153139 13712
2 7617 13759
1 950303446 13787
2 7116 13840
1 632237733 13904
2 8491 13978
1 270685978 14041
2 9892 14101
1 105463779 14121
2 3967 14148
1 855316666 14230
2 9638 14285
1 521215698 14332
2 2744 14378
1 701661037 14473
2 13391 14535
1 344395147 14626
2 6145 14638
1 628218044 14667
2 4965 14697
1 136534295 14720
2 4845 14815
1 138720835 14846
2 8539 14943
1 466393010 15013
2 9862 15033
1 811304430 15047
2 10821 15057
1 707696907 15089
2 7240 15128
1 307101756 15136
2 680 15219
1 38413954 15256
2 439 15262
1 110045311 15311
2 2551 15384
1 281507177 15391
2 12291 15475
1 917050650 15477
2 14364 15489
1 952575811 15503
2 8510 15597
1 76644289 15632
2 3913 15633
1 749620232 15646
2 427 15707
1 922937276 15727
2 11981 15756
1 317276766 15791
2 3777 15807
1 303022115 15875
2 14612 15907
1 974425569 15920
2 11919 15936
1 13501986 15942
2 8382 15963
1 645534043 15999
2 8510 16047
1 184673591 16124
2 9775 16182
1 471513356 16183
2 3207 16195
1 188289903 16204
2 7901 16278
1 509680355 16320
2 1551 16392
1 263786924 16422
2 9730 16511
1 381265090 16591
2 16607 16659
1 139546593 16665
2 10670 16705
1 41074365 16785
2 11233 16824
1 517015891 16887
2 2154 16958
1 786725723 16986
2 13956 17072
1 433139417 17128
2 7946 17188
1 107639763 17189
2 11581 17200
1 849904413 17291
2 8135 17314
1 363909200 17406
2 7929 17482
1 479332057 17507
2 1080 17572
1 359049261 17603
2 17136 17662
1 564448538 17713
2 15479 17780
1 790403641 17811
2 3139 17840
1 950652800 17857
2 9518 17883
1 866240756 17900
2 14145 17957
1 595929723 18007
2 3782 18069
1 733433534 18091
2 4452 18126
1 885867172 18198
2 11484 18265
1 776812058 18314
2 5961 18337
1 333056749 18422
2 17747 18439
1 569928692 18443
2 4342 18479
1 786628415 18494
2 651 18585
1 564753628 18639
2 8580 18684
1 743287877 18687
2 17980 18724
1 539292777 18789
2 18183 18838
1 627009109 18866
2 4435 18949
1 486956159 19006
2 13752 19010
1 745490095 19092
2 18325 19166
1 813312139 19167
2 15760 19180
1 639645466 19186
2 16475 19251
1 914581395 19267
2 8243 19345
1 742521209 19360
2 8294 19394
1 273863136 19479
2 2598 19570
1 528545338 19648
2 2679 19686
1 937961426 19776
2 16437 19827
1 735862643 19921
2 6628 19980
1 181402917 20044
2 17247 20055
1 695240727 20139
2 12927 20193
1 604078232 20226
2 17791 20289
1 149843007 20311
2 17799 20391
1 469533227 20454
2 7510 20469
1 334902117 20533
2 3125 20604
1 578887010 20676
2 13123 20683
1 753773732 20777
2 17924 20796
1 29137279 20837
2 16505 20857
1 200539385 20952
2 7948 20975
1 333915083 20976
2 20150 20994
1 660231044 21003
2 1016 21058
1 950631373 21143
2 12402 21161
1 219267527 21225
2 5082 21323
1 332637072 21370
2 17177 21405
1 979549669 21467
2 6488 21478
1 334087138 21575
2 352 21597
1 157471972 21686
2 12972 21719
1 930354319 21771
2 9955 21787
1 337401579 21793
2 15912 21833
1 83539625 21900
2 14964 21957
1 97462148 21971
2 6268 22002
1 976068291 22069
2 15514 22101
1 714490842 22170
2 6728 22268
1 877635376 22341
2 16535 22440
1 413737066 22496
2 14089 22584
1 567260580 22646
2 2795 22664
1 569125082 22713
2 11118 22793
1 291438831 22854
2 21404 22871
1 441721126 22924
2 22193 22947
1 620020093 23045
2 8429 23081
1 34164298 23090
2 68 23190
1 932635112 23239
2 20677 23318
1 863023730 23368
2 19732 23454
1 524015940 23543
2 17485 23630
1 896726784 23672
2 23717 23721
1 70979964 23803
2 23249 23851
1 394805095 23925
2 8568 23948
1 842276251 24042
2 23626 24128
1 850746635 24207
2 1836 24260
1 667528337 24342
2 8569 24354
1 587767479 24380
2 8466 24409
1 323772963 24435
2 4346 24528
1 52053148 24599
2 13769 24681
1 132524733 24777
2 7360 24867
1 829197877 24950
2 21820 24954
1 669685943 25024
2 3235 25056
1 835733381 25115
2 10419 25196
1 383425978 25242
2 11200 25306
1 283423007 25320
2 22582 25362
1 821093035 25435
2 10444 25449
1 910446131 25522
2 16253 25566
1 689314518 25582
2 3860 25599
1 252104063 25615
2 9476 25668
1 656891272 25704
2 4906 25725
1 360850297 25787
2 13195 25803
1 820463598 25844
2 9022 25879
1 662568598 25925
2 6277 25995
1 671901016 26035
2 18543 26065
1 755088 26066
2 14625 26080
1 238322550 26141
2 19819 26155
1 422167967 26242
2 2267 26281
1 364784286 26311
2 21904 26392
1 443073731 26399
2 10668 26441
1 382930947 26453
2 19915 26473
1 201771512 26510
2 14922 26544
1 268206591 26567
2 9691 26574
1 247351679 26579
2 18402 26588
1 229177417 26661
2 22076 26759
1 409287963 26849
2 5700 26910
1 200170047 26930
2 10542 27010
1 661983825 27060
2 3950 27118
1 854502685 27178
2 9670 27226
1 358545574 27268
2 21382 27276
1 394039876 27372
2 990 27470
1 820764645 27550
2 27276 27553
1 674508147 27559
2 21616 27591
1 825304662 27617
2 880 27638
1 7651601 27671
2 21697 27742
1 411529479 27812
2 10743 27887
1 935423584 27983
2 22160 28004
1 722544647 28050
2 27858 28148
1 408495563 28222
2 11498 28288
1 849850021 28363
2 3967 28448
1 488604441 28457
2 20017 28534
1 340410293 28613
2 27318 28702
1 578911670 28727
2 17676 28793
1 426963914 28873
2 12033 28932
1 509754097 28936
2 24359 29030
1 809217405 29031
2 5520 29085
1 669581880 29110
2 16747 29206
1 553087396 29295
2 19232 29350
1 819332445 29417
2 2041 29505
1 977291675 29578
2 29325 29596
1 644158676 29689
2 13347 29784
1 592203134 29804
2 22923 29833
1 867940850 29885
2 27505 29981
1 90488428 30031
2 22501 30120
1 771764527 30194
2 5683 30197
1 317788869 30201
2 27870 30202
1 167213668 30241
2 14817 30326
1 589235820 30405
2 17857 30454
1 181753101 30461
2 25564 30485
1 969386246 30503
2 30155 30543
1 843355784 30604
2 16062 30662
1 516076601 30736
2 14481 30751
1 81012820 30798
2 22410 30893
1 505995245 30938
2 17122 30981
1 217925202 31018
2 25115 31051
1 513227406 31145
2 18827 31157
1 889559815 31198
2 19752 31287
1 797026631 31304
2 30044 31318
1 199127511 31415
2 16665 31448
1 386937927 31513
2 15104 31609
1 525991755 31671
2 14495 31672
1 323383040 31703
2 18357 31744
1 199381324 31805
2 25627 31824
1 407008866 31901
2 6389 31997
1 679513445 31998
2 14208 32087
1 825463076 32173
2 23371 32206
1 76424964 32272
2 18299 32344
1 14312955 32418
2 20638 32474
1 391788984 32516
2 21434 32548
1 479629793 32636
2 6698 32675
1 247203700 32694
2 32256 32706
1 113648719 32800
2 15237 32804
1 366295242 32865
2 18818 32921
1 358320002 32949
2 9074 33019
1 660647729 33026
2 7211 33109
1 468316857 33175
2 17779 33234
1 107205952 33325
2 10098 33394
1 731921012 33459
2 28395 33464
1 819936495 33471
2 10534 33474
1 562588854 33500
2 19162 33518
1 641804764 33526
2 27570 33569
1 336300356 33585
2 8680 33646
1 793970563 33706
2 32032 33765
1 784781284 33802
2 27810 33855
1 149682053 33892
2 27096 33979
1 187529886 34040
2 25225 34050
1 744970210 34068
2 20142 34113
1 845683710 34165
2 11935 34170
1 63873854 34241
2 13959 34254
1 126987599 34308
2 28820 34406
1 690696479 34439
2 2824 34514
1 588991712 34572
2 12610 34581
1 533717548 34669
2 23976 34671
1 291727939 34768
2 32728 34840
1 576792175 34851
2 1183 34864
1 67136649 34882
2 18452 34918
1 739382110 34934
2 16630 34947
1 109378264 35010
2 25169 35084
1 817737501 35124
2 4739 35166
1 868535092 35227
2 4153 35232
1 618106329 35279
2 34054 35288
1 882209124 35349
2 12980 35442
1 548892944 35506
2 7822 35542
1 496595399 35556
2 26597 35571
1 491538305 35638
2 3027 35681
1 673240394 35729
2 22745 35787
1 829955088 35821
2 4366 35904
1 46450185 35993
2 14663 36055
1 241609923 36098
2 21035 36151
1 675892681 36192
2 30019 36196
1 568477679 36251
2 4454 36273
1 794039611 36329
2 21305 36414
1 911474544 36430
2 35134 36494
1 131873592 36507
2 8902 36559
1 676478445 36640
2 18868 36652
1 224489476 36674
2 36289 36725
1 415603222 36771
2 23139 36784
1 834805389 36850
2 29586 36889
1 188336615 36918
2 4754 36973
1 947633066 36974
2 2631 37008
1 253337061 37024
2 21131 37053
1 692283230 37087
2 31840 37103
1 642556509 37168
2 37036 37183
1 103524372 37231
2 27777 37298
1 295339177 37331
2 21306 37346
1 806633442 37442
2 4575 37514
1 570554476 37526
2 17295 37542
1 990808520 37606
2 34560 37630
1 336355027 37730
2 29575 37788
1 236487408 37839
2 20538 37883
1 621735379 37924
2 22525 37955
1 522477723 37977
2 25390 38005
1 423190740 38021
2 22244 38099
1 572981300 38121
2 19856 38169
1 415501280 38180
2 28766 38260
1 684511737 38330
2 17846 38376
1 851447139 38379
2 35225 38451
1 773538209 38502
2 17439 38543
1 157215452 38553
2 28249 38623
1 23544323 38715
2 1103 38783
1 765936907 38862
2 28449 38941
1 231847256 39025
2 5015 39103
1 150303796 39192
2 12158 39213
1 178635131 39219
2 20525 39287
1 531668570 39292
2 10430 39339
1 622234156 39420
2 29806 39496
1 594243971 39554
2 13262 39585
1 227841352 39656
2 38390 39665
1 210506746 39709
2 30385 39760
1 501057810 39856
2 19887 39939
1 884403847 39970
2 6496 40013
1 906551917 40047
2 23036 40061
1 932407481 40121
2 22932 40140
1 633651999 40155
2 4367 40230
1 525234972 40274
2 9336 40301
1 13707119 40313
2 30888 40341
1 535144287 40377
2 21400 40401
1 94067429 40494
2 24219 40531
1 874576385 40610
2 40343 40684
1 395140245 40748
2 4507 40768
1 221854748 40845
2 9726 40907
1 607367680 40970
2 6478 41015
1 606137883 41033
2 6592 41127
1 979165061 41131
2 82 41186
1 93971994 41187
2 14878 41265
1 865555375 41301
2 25057 41396
1 597515359 41446
2 35934 41484
1 998771715 41547
2 28828 41566
1 224912576 41623
2 3370 41700
1 340313785 41763
2 17510 41812
1 100146064 41827
2 36873 41849
1 757040562 41930
2 7022 41935
1 662339903 41952
2 12572 42029
1 741098098 42102
2 26283 42162
1 298262842 42238
2 26084 42303
1 760975153 42398
2 38590 42461
1 527321 42484
2 35919 42540
1 330794872 42640
2 7837 42736
1 534544347 42817
2 33147 42873
1 785403556 42904
2 10883 42938
1 907609267 43035
2 16549 43129
1 141960609 43186
2 35646 43274
1 317306214 43305
2 32775 43322
1 16402458 43410
2 4725 43505
1 247010264 43567
2 6533 43628
1 70772927 43677
2 8358 43737
1 277693202 43767
2 393 43823
1 628011903 43898
2 6827 43968
1 920616829 44011
2 1133 44078
1 711524814 44165
2 13517 44231
1 52924708 44322
2 6415 44398
1 422480096 44442
2 31232 44451
1 442313717 44477
2 25666 44499
1 260866539 44556
2 19765 44622
1 801065472 44714
2 25690 44736
1 136952425 44763
2 33024 44857
1 249200566 44861
2 32175 44867
1 1355859 44872
2 19797 44946
1 30766122 44983
2 13356 45033
1 647531110 45074
2 7602 45151
1 485429075 45208
2 40714 45296
1 90395233 45383
2 12745 45450
1 496584264 45550
2 30340 45607
1 790759749 45637
2 25802 45732
1 168733058 45799
2 758 45806
1 970398611 45839
2 22697 45909
1 683688221 45995
2 35111 45998
1 59457937 46033
2 21019 46043
1 287248662 46111
2 25257 46161
1 367999365 46261
2 44183 46333
1 172812685 46413
2 43371 46483
1 178956791 46556
2 29215 46563
1 713282309 46579
2 39030 46598
1 649563635 46599
2 25952 46674
1 303141023 46713
2 18893 46785
1 912343876 46876
2 8602 46954
1 177685602 47010
2 20391 47031
1 984627898 47043
2 21446 47098
1 940176245 47188
2 11615 47280
1 534248548 47316
2 20818 47375
1 706731669 47446
2 47028 47454
1 581432312 47489
2 1512 47585
1 750861479 47631
2 1104 47691
1 148395946 47772
2 3378 47797
1 82973507 47877
2 40048 47934
1 867834052 47948
2 42981 47981
1 482129418 48041
2 21576 48073
1 112540314 48098
2 1923 48197
1 752354390 48245
2 2800 48254
1 609694683 48276
2 32229 48356
1 557058106 48385
2 10297 48458
1 10199958 48525
2 35276 48589
1 584419939 48625
2 10384 48723
1 269704032 48725
2 5318 48805
1 571486091 48847
2 27583 48910
1 519544383 48916
2 18809 49016
1 31137568 49069
2 45015 49082
1 97355779 49132
2 8803 49163
1 692196221 49187
2 16217 49202
1 616399367 49247
2 42215 49288
1 894917579 49357
2 10976 49392
1 945379681 49411
2 36107 49421
1 771243251 49439
2 36186 49441
1 194854150 49503
2 32127 49510
1 630033216 49553
2 32930 49601
1 166979060 49698
2 28404 49719