0
441598129
599424253
486551780
2351983678
1402833634
1740433788
636646736
937370420
1144305308
717630185
3117341026
2541613274
1796632276
2169504433
3982737049
6898179550
2961276592
8473472403
1329240047
9684321583
2871863237
10514424815
9893873135
3499657473
12560667931
8504918347
5831287957
11054064967
14190506525
2471711108
7528246366
4117941001
14482360831
1258861186
18048424196
14539283243
19199426117
3647429735
6031707842
16432420842
12049767504
2788755403
17052798595
13309223635
23493931780
19044255354
0
25188646848
13244284486
23767686207
14058981934
24756757982
16885076922
26721194082
10270786677
7518326680
15260704870
1452620224
26548989846
29451073565
12705819868
33794703322
4903424910
23794722131
33438796710
36362839827
14623423719
16096819365
2548738207
37083430919
16406840431
32342720060
15291810247
11845651238
27026078014
41899843057
33808472743
15727686149
25180413522
15663231542
8065369969
2779674089
44559267133
40277618618
3639111231
29138737379
37637182913
41987964336
5857231387
32618866353
47658959000
5337093230
49488685690
39189481514
35544214256
43088424859
5819934349
179428422
4859965009
13771402633
41164333169
47829845230
23560217691
38499635815
21967266593
26906469770
657344354
6384877112
23855462252
36627975582
15663024370
44918531020
18331022510
26360945837
25294929455
58500513756
30881984205
28395807243
24655092350
9709616547
2845091634
41972026643
33903959971
8384578503
4234659469
8229180989
38731292838
53637513768
27242849117
37662405206
34266984187
41086843317
50344119485
17046089737
48940063758
12970652014
68139041458
27785975080
21762433228
20672492867
39935836214
46595489314
55053342426
34041636452
3540364424
2469630892
12415285678
61055307357
73026422974
41346907229
19312983240
3087443470
60965183832
20383787164
75291745599
61821639778
41309777135
42653695395
48715561087
18294436122
39163663558
10087929322
48814428810
83569331604
54238665403
55405033256
11430618185
70411467885
37023573315
57249554050
38081850891
36367871799
4099552512
86119094125
76755860970
16301704493
46701237589
72467235948
20910017698
24591611973
58660006747
32900559065
91699657242
25064432569
4681656343
43477868586
94364255854
94995420969
26247210974
71615395116
96425403840
82977430998
87247527477
45740853341
46483374550
18323814902
18065634517
87014548968
38858660161
91372865366
68008714752
94231875661
93449341758
42961377662
20419866020
68192228792
94959123418
88431208795
44858617185
106342949308
4991483760
64835533251
28539936187
92087746377
39291651060
1646273879
66858546629
55357814434
84555824377
77889323916
34890677038
81388403913
38330437968
87305020659
72017431069
13698940980
60270466450
112994678986
116614660122
47606938302
0
107670959754
103437837216
92004462072
122929102095
120648098381
47978860683
122709589243
8312676587
46439076471
45418617514
20997182413
71176655001
40043269731
113038528286
14324403349
56349823633
60026054277
116440732748
57699044818
83121301774
19515595297
50299671301
24622058174
71124124398
50614233238
31907425705
96782228424
77994098890
103766627180
12965013865
115647349275
57851397130
103755986661
79697571764
54270715524
95694358817
115987610623
28171217250
55918588678
20055938488
53335522676
111511474482
3825037169
141155469415
113400787150
5199107424
114233743413
58628652093
115977731510
144732431535
62431996918
20364820682
102348864492
143215899047
92606180236
64599721366
126866857357
28153286010
89420201069
98821375190
10851935890
152163932335
70661046879
119191338541
143267258400
115784934598
29504531513
145034043346
79089352760
94826150885
133392934190
157355865654
87513041038
77341721186
115551710392
91702706595
131091040894
100164583650
104258729297
158455276031
90123844783
80159066464
78386291140
98262015172
133903655320
32529021393
75530238142
119417827576
96840753846
108067791245
110956855718
32243276782
165989660718
80343264573
98453633239
44960611689
34651960772
93786929781
48946333740
144837787575
52085010750
100680573997
142877707712
45003466285
167002895483
144792759915
139162676776
127710137740
106072295234
60293240491
69980837784
148036780715
13199271767
63551811416
123923713066
168574201034
6379405012
95942696009
86059688124
128138853529
23551511709
21104541802
178695740495
66390877490
40011047680
137321552378
17433106411
121444504775
22859200095
74965610764
111533927731
156678052085
23342874444
113572337702
184799362508
45879846682
102041512908
189436096827
123336557125
153928811627
25607989951
16481797480
112205748206
166963142993
194010076172
144114783503
113280415465
27659992451
89953851130
182803853713
154981228367
111346998954
122715578454
136515992021
119725141893
106898117414
150636079904
94138524010
186651693114
92872123708
149924566003
5618985717
150280231625
28490149310
64878952772
107356131225
55829221846
154380763076
69187704487
201495315956
157242570826
101877240021
36030083805
123589057288
123980685589
24002477871
50390717430
161639585971
113308483566
128962365516
211210518754
24907917840
51794055035
36403507309
37009645192
979165061
78430493442
133096454532
188273330175
154616280403
17494670627
93094337517
193260887679
39908671660
67474111044
140506211397
138326535791
203150932105
187707934178
42702669849
171430593974
57670968867
85792969777
184588138944
170435537543
21699138818
30974551295
41688331071
595476393
31951029327
3527383673
68152044942
28509623645
162780536663
130962602636
101719317122
130910569379
171178070561
167338494481
100573274243
65917089533
34210019608
209358912162
63496334804
156204172788
127507760935
2679432489
113727344837
178581356621
106502436947
125880489176
224925806886
220369025945
148745831258
196288680129
128746014972
92740710308
36736764988
99678205707
106404872737
55167892024
102652816668
240070987450
7510250620
6540812287
15147486099
201756844078
218522001186
106474946563
9299737309
13876961566
163745429957
46125522174
180132991396
45620129054
22384949145
136538558637
91523339241
228859577579
37393378754
80477829167
213229474497
48461422935
185355532036
186974110985
165811744269
169177277057
142098598892