100 100
92 6 95 95 29 51 98 5 22 80 59 81 98 93 1 23 22 32 38 80 58 43 43 26 11 25 12 58 58 27 52 99 23 91 93 5 50 61 28 90 25 100 68 48 10 45 8 27 56 67 33 85 36 24 64 15 98 40 60 78 88 38 44 87 43 3 55 83 11 39 48 54 83 60 88 70 41 38 66 74 75 24 69 71 12 49 16 43 89 63 38 68 18 86 27 15 27 76 3 90 
2
1 50
1 68
1 19
2
2
2
2
1 39
2
1 17
1 100
2
2
2
2
2
1 36
2
1 19
2
2
2
2
1 16
1 70
1 5
2
1 71
1 91
1 51
2
1 5
1 63
2
1 53
2
1 21
1 14
2
1 89
2
2
1 13
1 7
1 9
2
1 36
1 19
2
2
2
2
2
1 51
1 51
2
2
2
1 43
2
1 50
2
1 83
1 32
1 34
1 2
2
2
2
1 86
1 24
2
1 85
1 78
1 19
1 50
2
1 24
1 2
2
2
2
2
2
1 83
1 16
1 14
1 57
1 32
1 13
1 31
1 18
2
1 68
2
1 11
1 40
2
1 50
