100 100
15 9 72 98 27 70 18 14 31 12 23 21 30 46 74 86 40 36 53 13 63 6 42 60 27 32 100 16 73 82 91 16 36 17 99 34 40 25 13 43 20 25 99 40 49 8 46 66 5 85 89 66 79 13 75 85 29 31 37 45 32 65 45 65 35 77 82 58 70 70 54 91 28 76 28 25 51 49 89 86 99 86 88 87 54 93 85 61 6 68 80 85 95 26 79 18 83 65 89 66 
1 20
1 100
2
1 58
1 66
1 99
2
1 43
2
1 95
1 8
1 55
2
1 15
1 43
1 6
1 37
1 27
2
1 1
2
1 45
1 52
1 69
1 45
2
2
1 39
2
1 47
1 34
1 31
2
1 55
2
2
2
1 66
1 44
1 52
2
2
2
2
1 28
1 87
2
1 61
1 26
2
2
1 7
2
2
2
1 36
2
1 30
2
1 64
1 72
2
1 4
1 41
2
2
2
1 73
2
1 2
2
1 88
1 8
1 96
2
2
1 65
2
2
1 65
1 78
2
2
2
2
1 56
1 44
1 88
1 9
2
2
1 100
2
2
2
2
2
2
1 46
2
