100 100
31 15 57 43 32 3 80 45 53 39 84 41 21 41 63 72 58 26 38 64 72 7 80 65 6 58 70 59 69 3 96 96 55 41 46 12 50 95 8 43 73 84 98 38 66 11 94 70 5 63 76 66 92 67 88 36 71 60 22 18 5 94 55 64 19 83 2 92 65 50 62 81 95 73 14 65 11 9 68 43 12 74 78 35 32 97 97 63 9 28 32 46 92 70 54 35 51 19 55 53 
2
2
2
2
1 76
1 46
1 36
1 90
2
1 63
1 28
2
1 55
2
1 24
1 96
1 19
1 70
2
2
1 20
1 16
1 80
1 16
2
2
1 1
2
2
2
1 50
1 1
1 53
1 36
2
1 28
1 16
1 49
1 17
1 85
1 16
2
1 81
2
2
2
2
2
1 37
2
1 79
1 71
1 67
2
1 42
1 2
2
1 77
1 35
1 73
2
2
2
1 27
2
2
1 65
1 58
1 82
2
1 12
1 66
2
1 56
1 89
1 11
2
2
1 13
2
2
2
1 28
1 96
1 63
2
2
2
1 52
2
1 85
1 56
2
1 10
1 97
2
1 21
2
1 56
2
