100 100
44 41 78 92 23 42 30 36 95 15 92 18 72 91 28 89 26 23 61 59 98 94 4 55 82 57 69 25 5 8 99 7 43 13 30 82 73 84 56 83 56 79 97 90 8 67 44 74 66 39 13 26 89 37 84 76 49 22 10 8 77 57 71 23 67 87 51 73 94 22 21 11 87 43 89 65 79 12 25 55 36 90 2 2 61 47 47 26 71 84 42 94 49 64 74 75 60 88 62 96 
2
2
2
1 49
2
2
1 86
1 57
2
2
1 100
1 35
2
2
2
1 13
2
2
1 65
2
1 73
1 81
1 63
2
1 45
2
1 33
2
2
1 82
1 64
2
1 65
2
1 91
2
2
1 80
1 100
2
2
2
1 85
1 94
2
1 76
1 5
2
2
1 97
2
2
1 75
2
1 88
1 1
2
2
2
2
2
1 42
1 65
2
1 52
1 8
1 8
1 27
1 59
2
2
1 99
1 61
1 79
2
1 18
2
1 13
1 76
2
2
2
1 33
1 76
2
2
2
1 98
2
2
1 65
2
1 64
2
2
2
1 30
2
1 70
2
