100
6279 2839 9035 1581 7907 1984 3803 6723 9182 2613 5310 9270 5806 668 6759 1807 5799 7694 397 7420 1882 5958 4790 5015 9545 2029 1618 6418 8643 5923 8794 4921 8761 4180 2853 3020 6164 6655 9742 5345 5619 5051 4614 7776 5718 1373 5934 7868 5418 6330 6655 6279 6655 8643 1807 4180 6723 2853 6279 6330 6723 7776 5958 7694 5015 5015 9742 9742 5923 5923 8761 5418 8761 5418 2029 6330 4790 2613 7420 5345 9742 9182 5345 2029 6164 3803 9182 1373 5051 9270 5934 6279 7907 7694 7420 5923 5619 9182 7694 4790
200
1 6853
0 4370
0 2096
1 3725
0 41
1 4596
0 2805
0 3285
1 6182
0 2205
0 6027
0 1249
0 7374
0 2889
1 1296
0 8372
1 5633
0 4102
0 1012
1 2437
1 7441
1 852
1 153
0 3961
1 4771
0 6528
0 8471
1 5995
1 4004
1 8030
1 6396
0 6151
0 5493
0 2461
0 782
0 260
0 1929
1 1172
0 4304
1 1118
1 4000
0 2574
1 5420
0 1017
1 156
1 3779
0 1798
0 1283
0 2885
0 147
0 8640
1 8241
1 4221
1 5352
1 3599
0 3949
1 465
0 6419
1 7795
0 4363
1 9185
0 7204
1 774
0 4624
1 2229
1 3676
1 7880
1 491
1 383
1 6976
0 5014
1 1578
1 150
1 418
1 4487
1 2245
0 9273
0 7356
1 7935
1 55
0 9453
0 87
1 8350
0 2136
0 2771
0 2713
1 2738
0 9614
1 4990
0 7183
1 1162
1 9498
1 5228
1 3183
1 5185
1 2380
0 3320
1 4673
0 9395
1 6753
0 6279
1 6279
0 2839
1 2839
0 9035
1 9035
0 1581
1 1581
0 7907
1 7907
0 1984
1 1984
0 3803
1 3803
0 6723
1 6723
0 9182
1 9182
0 2613
1 2613
0 5310
1 5310
0 9270
1 9270
0 5806
1 5806
0 668
1 668
0 6759
1 6759
0 1807
1 1807
0 5799
1 5799
0 7694
1 7694
0 397
1 397
0 7420
1 7420
0 1882
1 1882
0 5958
1 5958
0 4790
1 4790
0 5015
1 5015
0 9545
1 9545
0 2029
1 2029
0 1618
1 1618
0 6418
1 6418
0 8643
1 8643
0 5923
1 5923
0 8794
1 8794
0 4921
1 4921
0 8761
1 8761
0 4180
1 4180
0 2853
1 2853
0 3020
1 3020
0 6164
1 6164
0 6655
1 6655
0 9742
1 9742
0 5345
1 5345
0 5619
1 5619
0 5051
1 5051
0 4614
1 4614
0 7776
1 7776
0 5718
1 5718
0 1373
1 1373
0 5934
1 5934
0 7868
1 7868
0 5418
1 5418
0 6330
1 6330
