30
77
87
81
100
77
85
81
45
87
47
98
30
82
98
18
58
79
98
87
27
98
100
79
76
37
18
47
79
18
38
47
60
87
98
100
91
98
77
98
79
87
60
98
100
81
94
98
82
100
18
18
77
63
81
79
99
37
21
77
7
30
98
76
87
81
20
99
100
30
72
96
100
99
77
87
5
30
18
100
5
100
18
87
85
85
85
4
72
30
98
5
67
81
67
87
81
76
5
31
45
41
85
84
12
11
96
95
20
18
91
90
81
79
34
31
11
7
87
85
67
66
7
5
56
55
99
98
31
30
94
92
57
56
27
23
100
99
30
27
92
91
49
47
76
73
72
69
5
4
90
87
95
94
38
37
18
16
55
51
13
12
73
72
16
13
79
77
84
82
82
81
47
45
37
34
4
0
66
63
60
58
69
67
77
76
23
21
58
57
98
96
51
49
21
20
63
60
41
38
